20131027 24
20131028 2
20131029 3
20131030 15
20131031 5
20131101 2
20131102 2
20131105 65
20131106 21
20131107 12
20131117 10
20131119 10
20131121 25
20131122 2
20131123 28
20131124 6
20131125 15
20131126 39
20131203 14
20131207 11
20140109 22
20140110 208
20140112 38
20140113 1
20140114 15
20140115 5
20140120 3
20140128 80
20140130 14
20140205 11
20140209 4
20140210 16
20140220 34
20140221 33
20140226 167
20140227 9
20140301 11
20140309 16
20140312 1
20140313 2
20140316 14
20140318 9
20140321 103
20140324 111
20140329 75
20140403 23
20140410 4
20140411 90
